0 5 1 3 2 5 3 6
2 4 3 5 0 4 1 6
0 6 2 3 1 3 3 6
3 6 2 3 0 4 1 5
3 6 2 4 0 3 1 4
[(0, 0, 0, 4), (2, 0, 0, 6), (None, None, 0, 13), (1, 2, 0, 4), (3, 2, 0, 4)]
[(None, None, 1, 4), (0, 1, 1, 3), (None, None, 1, 6), (2, 2, 1, 3), (None, None, 1, 11), (1, 3, 1, 6), (3, 3, 1, 5)]
[(1, 0, 2, 4), (None, None, 2, 6), (2, 1, 2, 3), (3, 1, 2, 3), (0, 2, 2, 5)]
[(3, 0, 3, 6), (None, None, 3, 4), (2, 3, 3, 6), (None, None, 3, 5), (0, 3, 3, 6), (1, 1, 3, 5)]


[(0, 0, 0, 4), (2, 0, 0, 6), (1, 2, 0, 4), (3, 2, 0, 4)]
[(0, 1, 1, 3), (2, 2, 1, 3), (3, 3, 1, 5), (1, 3, 1, 6)]
[(1, 0, 2, 4), (2, 1, 2, 3), (3, 1, 2, 3), (0, 2, 2, 5)]
[(2, 3, 3, 6), (3, 0, 3, 6), (0, 3, 3, 6), (1, 1, 3, 5)]

[(2, 0, 0, 6), (0, 0, 0, 4), (None, None, 0, 2), (3, 2, 0, 4), (1, 2, 0, 4)]
[(None, None, 1, 9), (2, 2, 1, 3), (0, 1, 1, 3), (None, None, 1, 1), (3, 3, 1, 5), (1, 3, 1, 6)]
[(1, 0, 2, 4), (None, None, 2, 2), (2, 1, 2, 3), (3, 1, 2, 3), (None, None, 2, 3), (0, 2, 2, 5)]
[(3, 0, 3, 6), (1, 1, 3, 5), (None, None, 3, 1), (2, 3, 3, 6), (None, None, 3, 2), (0, 3, 3, 6)]

[(2, 0, 0, 6), (0, 0, 0, 4), (1, 2, 0, 4), (3, 2, 0, 4)]
[(2, 2, 1, 3), (0, 1, 1, 3), (1, 3, 1, 6), (3, 3, 1, 5)]
[(1, 0, 2, 4), (2, 1, 2, 3), (3, 1, 2, 3), (0, 2, 2, 5)]
[(3, 0, 3, 6), (1, 1, 3, 5), (2, 3, 3, 6), (0, 3, 3, 6)]